432 0.998618197708131
488 0.9988093629198085
452 1.0001081694388774
412 0.9983533157541528
372 0.9982816610186296
453 1.0
395 0.9980412653951359
495 1.0
431 0.9988091051689613
433 0.9992654100854642
441 1.0
432 0.9988194152028494
465 0.9985192213828041
446 0.9982417955542618
435 1.0
461 1.0
374 0.9995265976106325
414 0.9995697279190648
438 0.9984688740506499
389 0.999189975004182
436 0.9992914429210319
397 1.0
409 0.9989657317671131
450 1.0
450 0.9992826793922269
451 0.9984760910743717
513 1.0000387485440299
473 0.9984551273387989
484 1.0002682327149919
430 0.9994018462005849
448 1.0
458 0.9994200605937875
571 0.9991208977771309
431 0.9986798860775622
424 0.9983935248863168
385 1.0000698504795926
469 0.9995028845326895
385 1.0005661067774125
401 0.9984766065760661
416 0.998901637723108
408 0.9993423057548805
402 1.0001184794727656
514 1.0
386 0.9981077651137149
487 0.9990365273331456
448 0.9985968903047621
482 1.0002493139530697
497 0.999489440541293
518 0.999790296026675
544 0.9985045324985317
481 0.9991737399846929
558 0.9989577233876258
506 0.9995279406091709
542 0.9985233316307748
534 0.9989355945197824
449 0.9981837679690395
465 0.999654886778931
493 0.9983512259219361
642 0.9984059584508654
477 1.0002658932615793
503 1.0001491444070951
516 0.9981600436028877
504 0.999760259036781
502 0.9987398338142836
455 0.9987002932040304
516 0.9982390554539022
497 0.9986417453530592
522 0.9987675122414608
530 1.0003708493024794
500 1.0003551717973616
546 0.9995580469685567
504 0.9984946820307141
484 0.9983058582743826
463 0.9987891555228625
563 0.9981155777587258
547 0.999385733151243
458 0.9988701790891356
525 0.9983039159286158
574 0.9986905121057047
516 0.9985847930003963
544 0.9994611377886907
459 0.9990925083099448
457 0.9997481887452301
491 0.999481601788734
490 0.9997286959180702
512 0.9995735163651995
524 0.9998158268563162
593 0.9983921475268739
653 0.998507883604666
599 0.9994572124452908
595 0.9988805202891309
625 0.9981884059866736
599 0.9996880567378855
584 0.9982295310125076
687 0.9980501714850791
665 0.9986079231077125
592 0.998284678311781
595 0.9992596448911574
606 0.9990089182705514
602 0.9986401534078572
601 0.9983178504064105
634 0.9990422996528441
605 0.9981997075204906
595 0.9993725555854953
597 0.9992336932209109
682 0.9996770691355634
602 0.9993242101352783
613 0.999201567564598
598 0.9985754835199045
665 0.9981892431373267
607 0.9995568333730108
643 0.9997157873532697
669 0.9990064068185921
598 0.9992890498078477
644 0.9992998281225065
600 0.9997638188719918
582 0.9980248476778226
599 0.9995432296748977
591 0.9980906686479232
600 0.9986546162821622
683 0.9990227689545282
554 0.9984397017022526
571 0.9990699333272867
560 0.9996770439560271
555 0.9985395032367858
567 0.9990997569528248
594 0.9987568160051408
547 0.9996289572030973
546 0.9993060011591244
550 0.9989930683130128
580 0.9983349193147946
505 0.9991485816098916
513 0.9990287951716472
586 0.9996018392260615
548 0.9980355762032065
573 0.999135422319448
551 0.9982647569297654
562 0.9982942116032351
541 0.9987880539469416
563 0.9989717920770618
551 0.9987742797363838
546 0.9990416470020338
548 0.9996638231735719
548 0.9987736648162695
567 0.9984100625527487
563 0.9992191744390007
624 0.9980166981557008
516 0.9989381559468156
632 0.999832864712963
545 0.9993508903274604
510 0.9986835175275292
701 0.9984650364109573
599 0.9989984796100176
556 0.999589294855732
547 1.0000768650142737
756 0.9987776926739795
705 0.9991390242983685
711 0.9983126267099505
814 0.9988315881688764
751 0.9989596624094377
720 0.9980336837184415
657 0.9992979097627149
697 0.9981297876923166
684 0.9982576687590611
739 0.9984403146028781
729 0.9993768212668919
750 0.9989262433391253
704 0.9996684171434036
718 0.9991873177525772
730 0.9985368049243869
730 0.9993399250678765
748 0.9992195777799886
690 0.9990721861577438
687 0.9988826826434292
770 0.9989562818676431
742 0.998466682828876
741 0.9983971402548156
746 0.9983210297709828
699 0.9988104356359331
718 0.9988435649455202
715 0.998951838869856
680 0.9988815236005282
703 0.9986613054493367
624 0.999045239408607
675 0.9993256406138544
671 0.9987087947121405
750 0.998654037464982
665 0.9991948112179592
721 0.9990346738323935
664 0.9991239759200412
659 0.9985935839941259
667 0.9989157881313483
674 0.9982217675859881
677 0.9982760654602677
670 0.9991627469910158
666 0.9989377461549571
736 0.9990705049169435
677 0.9982794648195712
672 0.998757120738995
652 0.9982423474909604
662 0.9989254349618041
719 0.9980920406850021
671 0.9989649410293848
677 0.999003068978329
671 0.9982844260466627
664 0.9989984752495406
664 0.9984093754697088
664 0.9986560587056489
669 0.9987598769762681
668 0.9990749148965805
671 0.9984947269505983
731 0.998452280896593
676 0.9980502377530271
