426 0.9983912910456411
432 0.998445160972707
459 0.9982826061050694
423 0.9992886935786617
426 0.9983912910456411
445 0.9995960185054799
466 0.9986976708860194
423 1.0002306010912998
391 1.0001405601286761
417 1.0000633207914635
462 0.9994125858192185
464 1.0002453788065397
443 0.9993501241972457
389 0.9985414738726128
465 0.9990726124517544
466 0.998838918350288
416 0.9988748316349987
462 0.999379335959929
404 0.9995333850496089
478 0.9991082679856178
457 0.9994415398310547
450 0.9985564234217508
461 0.9988612567570458
420 0.9992722834413896
439 0.9982843244440508
467 0.9989857504162462
440 0.9983627666185503
418 1.0
403 0.9985714588878377
457 0.9989360904196846
420 0.9981106862899832
428 0.9987124486012592
452 0.9990757913788699
404 0.9989790488942188
426 1.000117878054122
416 1.0000665856355282
434 1.0002247587387632
410 0.9987382236859798
413 0.9985294454997432
468 0.9994015884497378
419 0.9989835165755704
389 1.000204396421834
449 0.9982318291881699
427 0.9996719690884563
428 0.9983350154440012
468 1.0002989909827584
394 0.9996378600596761
419 0.9980328455341272
392 1.0001572280167954
411 0.9983712723965081
433 0.9990089479924946
535 0.9997535995655805
513 1.0001264605833184
601 0.9988275168517572
500 0.9992388779373731
455 0.9990311856793066
504 0.9988194006212315
499 1.0003691844346791
495 0.9994639819378492
512 0.9992664176255669
524 0.9995549253414314
458 1.000283305003989
503 0.999296246506986
500 0.9987688302618025
490 0.9993992602021191
460 0.9998855403387409
534 0.9992715509679506
710 0.9987876987635373
452 0.9985215280239913
507 0.9992097427508708
531 0.9994963774904602
512 0.9991500849880327
476 0.9995019270497939
528 0.9996410128805966
613 0.998761546465177
496 1.0003269384142508
530 0.9991492525541327
459 0.9996213119449617
457 1.0002108138851917
504 1.000027123471244
498 1.0000365577221113
512 0.9996816634027165
522 0.9986968247294469
455 0.9990834209065358
483 0.9981399958197944
453 0.9994813243107673
517 0.9998117311996018
480 0.9983690538812959
505 0.9986585327700438
488 1.0003460843939525
511 1.0003503159329443
591 0.9982825854351483
586 0.9987085904737488
855 0.9994722811570469
597 0.9982145669445832
666 0.9982350771355843
597 0.999025242708287
584 0.998509348618309
656 0.9980496482659209
617 0.9982131019309403
590 0.9986647447082923
590 0.9985135343715745
615 0.9993334187924625
596 0.9996902542583499
603 0.9994011233515326
599 0.99825140157332
590 0.9982141483692567
611 0.9994237264191665
660 0.9985948426287576
591 0.9983624286786885
587 0.9986553267634448
597 0.9994938377863644
589 0.9993472317782388
664 0.998955759204079
607 0.9994421437335349
584 0.9982855154624342
592 0.9991282122386194
579 0.9988723580702631
629 0.9988246404830359
589 0.9981644425492284
772 0.9986136785184526
595 0.9991828363187346
643 0.9980767510183153
603 0.9990956680069798
558 0.9984218075269297
566 0.9984090171885545
562 0.9997392738715831
502 0.9981494594083546
506 0.9992942561849434
576 0.9999042569382205
570 0.9992905666642582
509 0.9997682366089615
565 0.9994653884527226
629 0.999478363267132
598 0.9994631132483002
560 0.9982314282595762
513 0.998121050099079
567 0.9987327111366645
505 0.9985375969844318
567 0.9990499484235754
565 0.9992066915606826
556 0.9986496969212487
563 0.9979917938910762
560 0.9995987031334792
566 0.9987277917757509
558 0.9981926268003708
678 0.9981529644530055
565 0.9991670292133173
570 0.9991142690675198
513 1.0000165413510718
574 0.9992189284709551
541 0.9981955169249075
634 0.9995940912326228
544 0.9980981750708311
499 0.998823903789599
626 0.9981189593706907
564 0.9992769769297346
497 0.9984904326116734
565 0.9981372839900936
501 0.9997278363574592
710 0.9990302674394907
725 0.9986500047810519
760 0.9982983318475047
787 0.9981781777334336
765 0.9986304942255517
794 0.9989030624811052
756 0.9989411177230216
732 0.9997580497944147
732 0.9989813944638316
806 0.9988516782458272
740 0.999161335874213
694 0.9988999717000359
747 0.9989513559353138
737 0.9983082802990717
677 0.9995445927268126
745 0.9992466221143453
693 0.9982453056347836
694 0.9984902500345298
814 0.9982213520814962
715 0.9986491354988762
759 0.9984712224135717
741 0.9990296879180403
730 0.9986495218465099
724 0.9994646187666432
713 0.9986663279685745
737 0.9985765987306549
743 0.9995088555706982
760 0.9994411481478978
649 0.9986461362514658
655 0.9983525051073077
654 0.9991938924722015
664 0.999047260649274
646 0.9992650033938468
663 0.9981729821862547
655 0.9980673264241202
642 0.9989222193516522
639 0.9991353683674365
649 0.9987295583662642
657 0.9983638056801273
641 0.9990250270019378
648 0.9982376618875962
659 0.998235365023202
648 0.9981942970878332
660 0.9990139101782698
648 0.9984190223001645
662 0.9990852048490666
641 0.9990876854626124
637 0.9983582013310054
650 0.9979930917668988
642 0.9988430234673391
650 0.9986515568514363
712 0.9984938082048406
650 0.997992999892323
652 0.9985502191943628
643 0.9987214734035965
645 0.9983429501514277
646 0.9989620010429602
653 0.998439142832258
645 0.9993025800953365
