426 0.9983912910456411
441 0.9993840613921278
442 0.9986668267013038
465 1.0
437 0.9994409384124111
468 1.0001207992303904
448 0.9988026613977812
423 0.9991067214805346
466 0.9984083885185057
409 0.9985034985811245
444 0.998914095680723
452 0.9980741715866291
420 0.9993825148870445
428 1.0
453 0.9986224076386354
439 0.9996101948020761
451 0.9980111944629619
459 0.9998786852679152
436 0.9996912144850477
464 1.0000924466371977
462 0.9989146970993664
414 0.9982647353796631
416 1.0
434 0.9990850704093693
395 0.9985831435929111
406 0.9988736287977117
400 0.9991211555279781
391 1.000242028045526
426 0.9994651669920485
524 0.9990122128365593
430 0.9986297964962553
456 0.9980573318646118
457 1.0000110832864297
403 0.9993888727412756
436 0.9989011222214137
466 1.0
398 0.9993601764802867
448 1.0003632568606617
440 1.000040209132164
429 0.9987580705012146
435 1.0002824949285374
406 0.99878247091475
465 0.998201844172945
469 0.9993648159955364
450 1.0000387485440299
408 0.9997693989087001
535 0.9997535995655805
457 0.9994462233479812
443 0.9992684987103171
483 0.9993961385749939
525 0.9980863038332402
502 1.0001117542510838
505 0.9991099894218463
508 0.9984903811222305
455 0.9993629105884829
636 0.9986030371767061
739 0.9989711810690102
497 0.9989215818824646
504 0.9990548406759668
515 0.9980505091755374
1000 1.9863088209066329
597 1.0003662015465373
525 0.9993262141273883
519 1.000017342372918
509 0.9995692848262075
465 1.0000741559865975
495 0.9988412520111083
445 0.9996942886502008
512 0.99869404994978
456 1.0002434175462775
501 1.0003363726651182
504 1.000365854699079
522 0.9992039157135704
453 0.9983897953593058
547 0.9983311087693513
507 0.9997488130706551
449 1.0002039463055161
491 0.9995379298159718
499 0.9994801450294089
453 0.9992279175576889
502 0.9997997302775424
517 0.9993436952392897
512 0.9995719208668911
493 1.000078734373048
505 0.9990196703436891
591 0.9982825854351483
646 0.9989063673155456
668 0.9989428880127875
649 0.9989240521230925
607 0.999302862793624
648 0.998349243555902
599 0.9993712998595157
616 0.9991817898804183
670 0.9982250313277471
617 0.9981268754136702
599 0.9989897684493615
590 0.9992672838908669
615 0.9986484202705567
658 0.9992161130571957
663 0.999346603915249
630 0.999339906710024
598 0.9992357860975437
657 0.9980776928128
594 0.9995778667831702
623 0.9991059231024804
584 0.9982830040104749
670 0.9990431368034972
592 0.9998663698269976
657 0.9983810552807202
589 0.9995296259767847
657 0.9986289565178719
645 0.9991545824841922
593 0.9994023790775123
610 0.9982076604516951
658 0.9989086694798417
582 0.9991415020052374
585 0.998669453680716
600 0.9992971073828839
558 0.9984218075269297
565 0.9984933842282214
568 0.9989996479582346
559 0.998830360450798
558 0.999643715285838
563 0.9984947370524727
560 0.9985052521864254
563 0.9986567070105505
563 0.9984339829451906
565 0.9987482071235421
555 0.9997782598068229
560 0.9992997289739597
553 0.9996013472899702
603 0.9991876905291541
553 0.9990538224202948
546 0.9992923499325894
560 0.9987245941911571
563 0.9993618973975044
561 0.9985976131875768
561 0.9987670236790362
562 0.9986246081805897
559 0.9982605754729889
561 0.9984069879521776
622 0.9983833135277813
586 0.9990253516190079
561 0.9982746571436039
562 0.9983260029731388
564 0.9990632921900534
510 0.9993321967559889
564 0.9994441122167717
555 0.9991734858745164
548 0.9997252536929796
560 0.9988818907563671
543 0.9987974622246887
562 0.9982204211895322
560 0.9994027280930866
710 0.9990302674394907
725 0.9982241531018403
757 0.9985012609420894
722 0.9994536078590835
801 0.998423411893905
740 0.9991548645513489
713 0.998259503910321
804 0.9984063160111152
749 0.9989553159985589
745 0.9994936914260767
726 0.999310659234626
704 0.9986319430291779
758 0.9984929544679655
748 0.9984792391269702
817 0.9985628833896596
729 0.9988816201874365
768 0.9983538693198446
742 0.9990401193041493
814 0.9994396027573631
761 0.9984284344131428
794 0.9992024818971987
768 0.9985521622428253
744 0.9982224145374887
734 0.9992998415008832
784 0.9989970415429952
761 0.9980746365676103
784 0.9995386043384907
649 0.9986461362514658
664 0.999065543689852
656 0.9994696080740847
648 0.9990287938595444
645 0.9989164312533787
658 0.9988836320298291
634 0.9986198601227959
642 0.9981338436169771
640 0.9987582232339042
650 0.9989074275449533
642 0.9988147260980023
652 0.9981129880882775
646 0.9988023230302734
653 0.998379424358008
644 0.9991078059947058
644 0.9993366655629468
649 0.9986328144379794
644 0.9984551290084418
640 0.9990008639885105
639 0.9990372463205152
645 0.9991779062960177
647 0.998560509146849
645 0.9985878877704282
640 0.9993668922983748
653 0.998511539997964
655 0.9992178717364772
654 0.9984619277270487
649 0.9990854804727939
647 0.9990171257884217
653 0.9984834263777786
646 0.9986311606956155
