432 0.998618197708131
481 0.99950099435981
403 0.9993283012921823
422 0.9980106789612675
463 0.9988410662740147
437 1.0
426 1.0000986326575307
415 1.0000455359830063
418 0.9983100995287713
426 0.9992532957956455
430 1.0
401 1.0001389277066437
464 0.9989538752281417
406 0.9981748662509374
444 0.9999133097983899
379 0.9983369056168807
476 1.0000256032508223
414 1.0
476 1.0000736308253517
412 0.998736075762253
411 1.0001355769456302
562 1.0
480 1.0
452 1.0001183076388673
385 0.9989846334959083
413 0.9987742228876394
1000 1.9993602623972357
430 1.0
392 1.0
458 0.9986264457352416
434 0.9991838749007982
406 0.9988603975875552
463 0.9991032848025718
497 0.9990587798229544
429 0.9984258296591666
524 0.9981486615814715
409 1.0000693349778984
473 0.998438889035425
439 0.9988823923265168
430 0.9984839095167369
384 0.9983168869677477
448 1.0
535 0.9986930313707697
425 0.9997245502612864
466 1.0001403023778288
482 1.0002493139530697
577 0.9984893405798554
455 1.0000120009220592
484 0.9993434177613231
506 1.0000491829695957
503 0.9981368741926692
507 0.9980557118874127
453 0.9988091339364641
461 0.9989723603503686
455 1.0000709649899806
521 0.9992267382763305
542 0.9992775861137262
508 0.999355696161349
508 0.9987724374753695
549 0.9982863654472227
507 0.9998516186573132
500 0.9984534071831692
556 0.9993579853545742
515 0.9990740560251601
525 0.9995615154431403
540 0.9997361184536792
502 0.9994786882700837
480 1.0001985354851657
507 0.998870942153544
496 0.9998838754709408
471 0.9987707032380777
531 0.9997318869146871
518 0.9982032607961995
528 0.999755819389314
471 0.9993068600392118
514 0.9983357565252933
524 1.0002733157971884
575 0.9993244105206048
563 0.9985236784782331
454 0.9985999155495808
451 0.9983376295015685
506 0.9987042472650558
443 0.9981864040097231
485 0.9988282799161656
530 0.9983107141387996
524 0.9998158268563162
615 0.9982928405306488
593 0.9980748674293458
597 0.998205672218894
600 0.9985087207553192
602 0.9995128829637226
677 0.9994345047338253
604 0.9989328422049502
591 0.9989906056000146
650 0.9989909195315095
669 0.9995195801689475
604 0.9984987795913135
587 0.9992974213143788
600 0.9980826110728871
581 0.9981357701393594
603 0.9993085135605325
599 0.9990034767913062
592 0.9981084580993017
597 0.9986425602159849
588 0.9983562546926218
601 0.9983326051866716
600 0.9983350119947992
601 0.9991906846061075
612 0.9989053208772293
588 0.9992521105352794
598 0.9983199432830433
591 0.9994496780894129
653 0.9988291401677963
605 0.9986439205857962
674 0.9991930914142352
600 0.9989759554635853
608 0.9994483177196016
651 0.9988247451268676
600 0.9986546162821622
613 0.998437119037773
553 0.9994678481331793
577 0.9982883083701388
507 0.9992386059146091
543 0.998072471410058
606 0.9983940131377682
540 0.9989023675961697
549 0.9995352433776947
502 0.999623914858161
569 0.9992216956114689
546 0.9982641420096512
551 0.9988890853217032
558 0.9990045673191481
576 1.0001654135107172
569 0.9988536044311144
558 0.9997545853824265
542 0.9989256730684974
513 0.9992855243193218
572 0.9986304499216746
575 0.9982948880153607
553 0.9996419935095182
562 0.9987060236037086
548 0.9997029320928345
632 0.9987315427884474
621 0.9982964868076576
553 0.9996078654431806
507 0.9993809599210443
1000 1.0184204239566728
548 1.000200586941249
511 0.9985866676095442
550 0.9987188139420837
579 0.9982295834992336
550 0.9983801159431875
553 0.9994650195006541
558 0.9988436427252645
756 0.9987776926739795
757 0.9981973019413003
749 0.9980625632040582
741 0.9989041249370978
762 0.9990882195845411
738 0.9982382547904692
746 0.9990080524505548
818 0.9986133017558534
755 0.9992971370674476
708 0.998681975047738
773 0.9980975276649052
802 0.9988801713838102
707 0.9988468489004063
694 0.9995119463517675
729 0.9996131694317889
798 0.9986212218823436
701 0.9983915382141274
735 0.9996055390660239
708 0.9986053816293632
755 0.9992562808051871
736 0.9983333928952602
772 0.9989313624452715
798 0.9980360983911518
738 0.9984038047514964
810 0.9993693840749437
704 0.9984173269186748
736 0.9992356112067858
624 0.999045239408607
660 0.9979910705262318
701 0.9984866419879306
665 0.9982937053788155
674 0.9983943080392826
666 0.9984518215237141
665 0.9991644926079554
670 0.998199166440349
750 0.9983050978262108
680 0.9991179121980405
679 0.9982459305994155
667 0.9988913494941937
680 0.9991849806383519
668 0.998352780731035
674 0.9986828860817735
706 0.9990458825306374
681 0.9984641327168672
651 0.9985212787029956
732 0.9982817616839654
740 0.9987664000711477
670 0.9990911766964916
676 0.9981953995827424
667 0.9989913090326306
668 0.9983268721006681
676 0.9980137635464468
665 0.9981083024849132
676 0.9990432181679401
673 0.9980666833020898
672 0.9984006473850107
666 0.998554537299424
