426 0.9983912910456411
437 0.9994545132903639
439 0.9987164866978654
448 1.0002053415082737
396 1.0003368803572976
507 1.0000271497559057
419 0.9980697898222267
444 0.9988229377977613
395 1.000117620303275
417 0.9982893935440458
388 0.9986153624488118
409 1.0
465 0.9984954223879121
441 0.9987577268334182
397 0.9995630263970375
443 1.0001455433117221
465 1.0000298990982759
379 0.9985711152200415
393 0.9993996982768583
377 0.9986610702657162
441 0.9980661813103658
404 1.000254657837039
459 0.9990458922805941
473 1.00021582337606
429 0.9982880188728607
413 0.9988468227096023
402 1.0
464 1.0003678963759115
451 0.9990986452873222
404 0.9982715228186395
422 0.9983392253745056
445 0.99954988110383
434 1.0000720843202684
464 0.998392407965979
441 0.9987195797080318
429 1.0000194172304895
441 0.9991852495719833
452 1.0001627267015358
446 1.0
381 0.9989035278959876
441 1.0
425 0.9994018462005849
393 0.9988317872435154
487 0.99856295310988
473 0.9992605128193672
381 0.9992331912295634
412 0.9984348509388188
535 0.9997535995655805
505 0.9981878607690482
506 0.9995216279854288
598 0.9988232159432735
527 0.9981505399825286
494 1.000260274332754
456 0.999870487159048
509 0.999460027876824
527 1.0002365499666022
504 0.9994581549005488
499 1.0001707183190052
503 0.9993027672392032
613 1.0002491752140863
502 0.9991097119438795
486 0.9989846387503947
507 0.9992474103848488
506 0.9989884540724366
500 1.0002885077158645
439 0.9995598505753401
494 0.9980521740433375
486 0.9983861187762473
529 1.0002257283259013
463 0.9988326501941409
501 0.9982588257590288
454 0.9984882306679886
457 1.0000422460204283
501 0.9990057964453546
511 0.9993885079309099
496 0.9986692156717614
682 0.9997506166774386
513 1.0001302759053603
491 0.9997669185079815
448 0.9992263220593804
505 0.9996990751451261
459 0.9992958302900359
503 1.0000674271459054
506 0.9985580857461025
1000 1.9727642889186607
691 0.9996567597552062
591 0.9982825854351483
595 0.9988053860180144
590 0.9996288283291781
612 0.998942155505966
590 0.9996496524516741
590 0.9984981517283237
596 0.9982925265991539
682 0.9987489829927613
600 0.9997511569683636
593 0.9980264173352972
623 0.9989881987918869
669 0.9991335490740328
669 0.9991961260853527
584 0.9985317423982797
673 0.9992408090014624
588 0.9981375490844973
587 0.998002139966357
660 0.9983757184453066
594 0.9992157991257008
677 0.998936086163731
599 0.9992176827146703
580 0.9993483828603869
828 0.9983573011309382
588 0.9996037138095849
612 0.9981661168505346
617 0.999099958404077
587 0.9991822084557448
599 0.9998307909242404
627 0.9994870359373079
590 0.9989169363425411
607 0.9985197083576413
605 0.9987560987733127
584 0.9988675444540077
558 0.9984218075269297
556 0.9995654359553015
541 0.9986892362845912
562 0.9988464713577897
565 0.9993111664880836
564 0.9997601196634542
565 0.9985137380840011
542 0.9988368786040084
598 0.9981420803669844
543 0.9991481511658117
506 0.9989065490529462
563 0.9991408951084643
566 0.9985112784035444
546 0.9993040949067704
546 0.99813279507326
561 0.997998373536298
550 0.9991055372018982
564 0.9993489840751063
561 0.9983287086216411
510 0.9994025436170524
568 0.9988604300443819
560 0.9994471253253312
504 0.9996585963526013
563 0.9984933842282214
554 0.9986552312022764
623 0.9980678595092015
559 0.9990441066824907
559 0.9997073595176567
567 0.998342913276279
559 0.9982356712083641
574 0.9979933926833731
562 0.9997336780985441
507 0.9992017107077577
558 0.999008502807879
559 0.998255902080121
544 0.9982065239949515
561 0.998461039430215
710 0.9990302674394907
740 0.9984262129142492
757 0.9989677757097447
764 0.9990878332369074
724 0.9985919560490932
805 0.9982685830797122
775 0.9979900264358368
710 0.9989135904541226
720 0.9980142697498495
748 0.9986396699818513
759 0.9985731216019518
745 0.9987851298659277
729 0.9988077312024973
783 0.9989529013258485
745 0.9991720570210473
741 0.9995663247812065
729 0.998118776784757
717 0.9990174213806712
742 0.9988068619203216
714 0.9994486819267543
774 0.999235418032969
704 0.9984293036953186
760 0.998926629686759
730 0.9985042551362503
770 0.9982808496170812
777 0.9988129468955519
732 0.998156735439765
649 0.9986461362514658
645 0.9988176660844269
653 0.9988922682399514
644 0.9983185115142731
654 0.9993905040643475
649 0.9980924081833052
650 0.9982474924672036
648 0.9989785384665987
647 0.9985205437063894
648 0.9985981777229144
713 0.9989929627749944
658 0.9985178793436922
648 0.9990041714732382
645 0.9986530268446485
650 0.9980974612849726
650 0.9985753928281236
654 0.9986672674038928
645 0.9983497488700346
647 0.9987315796069312
650 0.9990754661440351
650 0.9986883066817439
654 0.9989491386023525
644 0.9981420204542205
652 0.998451454025411
651 0.9980043923397184
656 0.9986081001770974
639 0.9980610789529679
650 0.9992644521463923
647 0.9989038444364983
637 0.9986601011869828
645 0.9988010367862127

