432 0.998618197708131
401 0.999097098782239
419 1.0000796450117866
 471 0.9990952086093594
452 1.0
400 0.9984015151625802
389 1.000089267710082
415 1.0
437 1.0
399 0.9992340503990541
417 1.0
441 0.9992868893227312
465 1.0000749195795877
444 0.9993207406006643
391 0.9984759192404735
428 0.9994982450174399
371 1.0
433 1.0
427 0.9983704132270174
383 0.9995202397564014
514 1.0
432 0.9986090905115298
403 0.9984147463727367
487 0.9982361250356233
431 0.9984095913557927
441 0.9991028552178265
478 0.9980556135256303
429 1.0
399 0.9982919710525179
443 0.9990914282636004
387 0.9996982596748714
469 0.999495925259815
429 0.9986379586064168
375 0.9980992593357572
478 1.0
426 1.0000281807592946
420 0.99800492252568
673 0.9983652582100733
444 0.9982779665898197
480 0.998319722227067
424 0.9985028971624811
407 1.0000784421744995
499 0.9992511478719188
425 1.0000216510711653
477 0.9995875986444711
440 1.0001459728964675
482 1.0002493139530697
508 0.9982447437522194
462 1.0002646446107293
500 0.9994323494496468
450 0.9989286575706152
581 1.0003031446786073
503 1.0003354708617265
562 0.9991953832660947
589 0.9985275631697668
495 0.9997917527860002
502 0.9980280334602356
523 0.9992137661813878
529 1.0001800138308892
453 0.9988080240245973
503 0.9987232545057739
504 1.0003331122990098
498 1.0003838907669138
507 0.9980953218671575
464 0.9992608680662332
469 0.9994720287988832
533 0.9980810317518731
500 0.9993881610834515
509 0.9988225222483568
456 0.9985285343426502
489 0.9996430939653468
582 0.9998588330844471
486 0.9987315094752829
452 0.9990806461268689
486 0.9997911978300668
498 0.9996802066433913
590 0.9983764764169049
511 0.9984360648102512
451 0.998155534585929
621 0.9983418610405604
518 1.0002335670784601
1000 1.9727642889186607
509 0.9987634194414521
512 0.9992462311034903
444 0.9992444274967068
524 0.9998158268563162
643 0.9982939916127969
602 0.9985766346020526
596 0.9982052536435674
666 0.9993271401625642
587 0.9991171199924657
602 0.9986965564331104
603 0.9985179294125034
606 0.9996595936156798
597 0.9996769644917318
606 0.9988570800708438
644 0.9986345026409487
607 0.9982868758322455
678 0.998408890539936
659 0.9992985723965269
609 0.9994528174043621
612 0.9984591195791225
599 0.9986064580940696
609 0.9988750788098857
595 0.9998127921851987
595 0.9996426413149544
599 0.9989693629021921
593 0.9988647190705535
599 0.9991681861823053
606 0.9982368560807222
604 0.9985386488911678
604 0.9992468783436974
605 0.9989177734931942
588 0.9979914662955299
1000 0.9624448984824028
588 0.9988276751541535
602 0.9989356675884045
664 0.9986112717103249
600 0.9986546162821622
574 0.9995583643739883
588 0.9988058866302532
599 0.9988016436814652
553 0.9982291530551537
557 0.9993927048952252
591 0.9984668196792884
630 0.998697722182167
561 0.9995601476423194
596 0.999479101171269
552 0.9987686224713332
561 1.0003388209829192
544 0.9981863546152061
551 0.9987659168228308
549 0.9997344160026811
566 0.9994477402454454
543 0.9985866676095442
581 0.9993693994228975
554 0.9985659448016959
566 1.0002896273737838
571 0.9990762055124514
556 0.9981431872231898
526 0.9990297175518186
551 0.9985430082814366
549 0.9989120833339739
597 0.9994880790049363
605 0.9994903542093587
510 0.998541593965174
561 0.9980069824178966
526 0.9991255221056095
569 1.000098756170339
553 0.9986370910589079
509 0.9983453114647244
568 0.9994632977243344
622 0.9992593287224574
555 0.9987268079035683
756 0.9987776926739795
817 0.9983133994052178
752 0.9992223788003326
722 0.99816436580553
680 0.9985458840937782
737 0.9983818795232856
717 0.9988850007292311
829 0.9984861933843763
719 0.998149105074
753 0.9986313635077274
712 0.9984268890226081
717 0.9988504226160178
775 0.9994723457193165
799 0.9991633641992897
741 0.9981047716830366
717 0.9987995213152819
790 0.998241442158447
725 0.9993332605711956
765 0.998356960100914
746 0.9991830679286068
743 0.9991595973098615
734 0.9983635280106864
746 0.9992550251753777
779 0.9989716391860815
768 0.999443755994425
723 0.998777789260888
762 0.9985887686811155
624 0.999045239408607
661 0.9984799351438994
677 0.9989964540088736
667 0.9984448390559557
675 0.9989669622700518
671 0.9992960570004568
663 0.9988823457857683
679 0.9992209035974776
735 0.9987183496680204
670 0.9987416858102658
701 0.9982260856910493
663 0.9982156119894117
664 0.99885625340625
671 0.9982674292501454
677 0.9988749958197068
653 0.9985023525403871
662 0.9982868147856327
678 0.9988022311556977
689 0.998498401933629
670 0.9989316824329564
672 0.998788174345605
659 0.9984493409101683
669 0.9980189085226899
671 0.9988644302434934
669 0.998002554848203
677 0.9989369192837753
682 0.9981273205220975
668 0.9981747278031944
670 0.9987234027696877
679 0.9992300910550546

