426 0.9983912910456411
420 1.0
476 1.0000310160186137
459 0.9987476745503773
472 0.9983037416745403
433 1.0
465 1.0002894542014118
481 0.9995830450461705
490 0.9993087981447437
455 0.9982373278729103
428 0.9984243690710325
400 0.9992253727871983
455 1.00039753772334
439 0.9985836590946054
410 0.9984882053641904
435 0.9981356881221622
452 0.9980038056053421
493 0.9983912910456411
448 0.9992636058295338
487 0.998272038320334
465 1.0000256032508223
433 0.9995925818275171
488 0.9979990801731433
462 0.9996962835850428
414 0.9991408305093148
430 0.9991294894720377
421 0.9981177314798069
405 1.0
411 1.0
427 0.9991822424787659
449 0.9983454973117876
433 1.0000857451151703
426 0.9981335401984355
432 1.0
460 0.998935489001041
439 1.0001098018609096
446 0.9981749521678865
446 0.9993252941989649
421 1.000074060410097
428 1.0001006087473592
433 0.9985227439777159
421 0.9983737639880311
408 0.9992125711617871
394 1.0000554164321491
417 0.9991018242144377
491 1.0000051550169442
535 0.9997535995655805
503 0.998017350558518
453 0.9995589487719484
521 0.9980244262466687
516 0.9980864425722236
504 0.9996411516195799
452 0.9986404273327174
548 0.9986717823429532
451 0.9982368356301687
507 0.9989056962688717
448 0.998012702802576
502 0.9983198709117004
497 0.9984276711017589
480 1.0003717511058712
501 1.000185355281748
535 0.9995716433889245
561 1.0002319715801518
502 1.0000586865899546
460 0.9989665333130682
487 0.9984984279832645
453 0.9989145755638057
489 0.999658493992498
443 0.9985437262613264
448 0.9984542396170694
496 1.0000425928678867
574 0.9987795825330117
454 0.9992705797950673
539 0.9996900571112088
510 0.9992347851373644
483 0.9985809776783543
503 0.9989448900316665
488 0.9981329201316439
497 0.9989002854485213
561 0.9985659244986614
513 0.9979952910601663
480 0.9993981502902524
1000 1.9863088209066329
545 0.9981839760775146
486 1.0001764066173222
504 0.9985990831156808
591 0.9982825854351483
597 0.9996721508754765
628 0.9987569359239657
697 0.998628328654882
579 0.998119968920782
589 0.9991062370339753
594 0.9996663954647363
586 0.9987542151843432
676 0.998701265405534
621 0.998330721597702
670 0.9989475969852112
664 0.9981142135100419
604 0.9985256730560447
593 0.9984875827013282
839 0.9990393696255582
587 0.9994656885956537
599 0.9980291380749198
589 0.9995867615088594
637 0.9985361374392084
643 0.9994241449944932
583 0.9982275427797064
635 0.9993689976952196
650 0.9987159155419635
596 0.9981123299210723
584 0.9988573940023387
591 0.9982329842589516
671 0.9986783484064052
593 0.9980005703088825
822 0.9991933007018985
590 0.9992101483587923
593 0.9993362441759167
592 0.9995822618240989
558 0.9984218075269297
560 0.9989974342458235
546 0.9996583503845556
559 0.9986100960658948
561 0.9986332170621884
498 0.9986449005443581
578 0.9985513711949896
595 0.9994404226960865
557 0.9993263550149041
549 0.9994821757718401
560 0.9991310563866371
662 0.9996192414652931
671 0.9985597956005541
561 0.9991791431395669
552 0.9982696762906789
540 0.9987882384229759
563 0.9997163373513238
503 0.9992472762882192
556 0.9994319982905221
565 0.9988128352275435
558 0.9995083098766931
551 1.0003424490115929
546 0.9996605640969668
560 0.9986527715218196
555 0.9999178466727441
574 0.9994782402831093
568 0.9994364257153443
508 0.9995806859741334
566 0.9989757275657926
557 1.0001252592272607
509 0.9988941276666395
566 1.0001159739335364
564 1.0001528691403878
557 0.9984903711196619
560 0.9996518937233566
562 0.998967118684194
710 0.9990302674394907
806 0.9986414085462029
745 0.9991556372466163
816 0.999096526058665
753 0.9981874500766417
812 0.9987408930618726
744 0.9989886384819628
685 0.9993848379802904
714 0.9992358043806027
706 0.9993959454747584
722 0.9980751195021524
762 0.9987995213152819
714 0.9987062183617508
774 0.9993662932938744
796 0.9980600519444394
703 0.9988293666699828
762 0.9981484289656412
761 0.9991231840453881
705 0.9987499722312638
725 0.9990844526951128
761 0.9981308501483092
752 0.9986226706859699
750 0.9995159064150126
790 0.9995255651058544
762 0.9984852275152921
723 0.9991602734182203
718 0.9994381539537368
649 0.9986461362514658
646 0.998044725278481
644 0.9983723500156738
656 0.998349565120883
647 0.9983763006224319
652 0.9991919631061104
646 0.9984554046321691
652 0.9987823862473315
650 0.9992195254788411
637 0.9986698398920143
656 0.9986052520652486
655 0.9992863182954252
656 0.9983475438802162
642 0.9980883657019713
649 0.9989353574159872
643 0.9986350194277978
649 0.9990083977037236
649 0.9985347842656337
637 0.9981180411899448
652 0.9981648053490113
643 0.9993008344783968
655 0.9984250860221653
654 0.9985616116417583
655 0.9984756170388384
643 0.9984710233100499
698 0.998665613661529
652 0.9983295364633654
655 0.9987727394168757
647 0.9984736876727471
649 0.9990926466897039
654 0.9988254754233672
